Hackathon
= = = = =
C0 - Hackathon (3 days)
- -
5.1
6.1
6.8
7.1
8.1
9.1
10.1
11.1
12.1
13.1
14.1
15.1
16.1
17.1
18.6
19.1
20.3
21.10

C1 - Hackathon (3 days)
- -
5.7
5.8
6.16
6.22
7.2
7.5
8.2
8.5
9.10
10.5
11.4
12.6
12.11
13.3
13.4
14.2
15.3
15.4
16.13
17.2
17.3
18.3
18.7
19.5
20.7
21.12

C2 - Finals cram (7 days)
- -
5.9
5.10
6.2
6.21
7.3
7.4
8.6
8.9
9.2
9.11
10.3
10.12
11.3
12.4
12.14
13.2
13.8
14.3
14.5
15.5
15.8
16.2
16.3
17.4
17.7
18.9
18.11
19.9
20.6
21.13

C3 - Term project (1 month)
- -
5.3
5.13
6.6
6.12
7.6
7.14
8.12
8.14
9.3
9.12
10.9
10.10
11.5
12.7
12.15
13.5
13.9
14.7
14.12
15.6
15.10
16.4
16.10
17.6
17.12
18.14
19.10
20.10
21.2


C4 - Algorithms class (4months)
- -
5.11
5.15
6.3
6.13
6.18
7.7
7.12
8.13
8.15
9.5
9.14
10.13
10.16
11.10
12.9
12.10
13.7
13.12
14.8
14.17
15.12
15.19
16.5
16.14
17.11
17.21
18.1
19.12
20.12
21.3

